6.400017976760864
17.941016674041748
8.346333026885986
14.504700422286987
7.316394805908203
13.57662296295166
35.241619348526
6.132603406906128
8.556704998016357
14.8368239402771
2.778420925140381
53.16066598892212
4.428158521652222
4.927357912063599
14.193239688873291
11.434563875198364
15.485665082931519
30.286054849624634
34.236592054367065
11.943336963653564
24.43886113166809
21.87642741203308
5.912850618362427
13.708488702774048
17.393957376480103
8.556353330612183
59.21135139465332
10.516000509262085
26.93385076522827
3.6821084022521973
21.046406269073486
18.83402681350708
19.36475110054016
9.26318907737732
24.856004238128662
27.981183767318726
30.037634134292603
