12.594329595565796
11.317216634750366
18.68628430366516
3.49948787689209
2.1196444034576416
53.3109495639801
16.0491042137146
10.957790613174438
104.57188582420349
137.2836718559265
12.594329595565796
11.317216634750366
18.68628430366516
3.49948787689209
2.1196444034576416
264.1464776992798
16.024693965911865
39.9729380607605
94.93182468414307
47.630021810531616
12.594329595565796
11.317216634750366
18.68628430366516
3.49948787689209
2.1196444034576416
5.537506580352783
12.594329595565796
11.317216634750366
18.68628430366516
3.49948787689209
2.1196444034576416
20.94672441482544
12.594329595565796
11.317216634750366
18.68628430366516
3.49948787689209
2.1196444034576416
2.7175915241241455
7.91949725151062