34.69632625579834
34.647162675857544
13.47477674484253
14.646533489227295
49.84678530693054
29.214112520217896
2.9289631843566895
99.79953336715698
75.01392364501953
2.662769317626953
10.995230913162231
49.37893033027649
14.618116855621338
17.61835479736328
10.975878238677979
33.094627380371094
25.440956354141235
48.03260588645935
146.1613962650299
130.6384310722351
7.570782899856567
15.042190074920654
0.5284264087677002
8.135366201400757
64.57644414901733
22.517102003097534
41.58980369567871
12.039117813110352
78.01321411132812
12.560308694839478
0.5843055248260498
53.39703178405762
19.351521492004395
19.323252201080322
26.261568307876587
8.56496548652649
96.30641222000122
74.86735796928406
9.180490016937256
40.394543409347534
122.42086815834045
12.594329595565796
11.317216634750366
18.68628430366516
3.49948787689209
2.1196444034576416

